-1.773462602743407779e-01
-1.792359905354586336e-01
-1.795714914049834632e-01
-2.459626124752846699e-01
-1.771406971574522315e-01
-2.472988930002689434e-01
-1.790174222787588587e-01
-2.474607349317331506e-01
-1.793517204459069980e-01
-2.474607350933217265e-01
-7.428607846819555716e-02
-7.428161225409309065e-02
-7.426832149756069923e-02
-1.246100301118344827e-01
-5.987256394041767793e-02
-1.255379098759703271e-01
-6.056282037627739451e-02
-1.259496899543210147e-01
-6.088791788900816543e-02
-5.980779039797612384e-02
-6.049584973794414761e-02
-6.081978482471671332e-02
-7.416260204009182677e-02
-1.759345437613510366e-02
-7.415322928656063739e-02
-1.784113452830075885e-02
-7.414004605267718317e-02
-1.799005037408075644e-02
-6.463829845758122319e-03
-6.498613324801200131e-03
-6.560789376726241379e-03
1.925587028327618161e-02
2.297797107330604854e-02
1.925313020847987944e-02
2.294996374861250216e-02
1.921293407004452669e-02
2.290355039623502217e-02
1.912084017898173574e-02
1.911797070433100473e-02
1.907759260868215762e-02
-1.773050939717442029e-02
-6.472192709678278692e-03
-1.798029774090244629e-02
-6.506900939935784077e-03
-1.813016685502904027e-02
-6.569074766695842497e-03
2.288080836998605122e-02
2.285273705216767787e-02
2.280619335849069090e-02
1.056768018683182375e-02
2.907506677418958060e-02
1.053810527871940420e-02
2.904829267942374282e-02
1.048562058259931359e-02
2.900805207742450376e-02
-1.992515393222048237e-02
-1.997869366468850438e-02
-2.005140311770462619e-02
1.057481374171458793e-02
2.907657719110083583e-02
1.054527251662353352e-02
2.904983419436234227e-02
1.049282128136349961e-02
2.900961594625068446e-02
2.518297210331328986e-02
3.439697798006743218e-02
2.515484310168256826e-02
3.437524629055409980e-02
2.511217934907026758e-02
3.434351201210728705e-02
3.435252801532694134e-02
3.698777135022129209e-02
3.433081343463847274e-02
3.697113227080420228e-02
3.429903826558330232e-02
3.694773405442025593e-02
3.764004929229072122e-02
3.761696278952438022e-02
3.758330566470606537e-02
3.686570658352966018e-02
4.478144736130569570e-02
3.684122468599644595e-02
4.476313094456249586e-02
3.680472011567575280e-02
4.473770446323604988e-02
3.859398812608649809e-02
3.857399928742152179e-02
3.854543192823090686e-02
4.400385442673551001e-02
4.227585963627910476e-02
4.398690219691064884e-02
4.226141896164292006e-02
4.396359604640007884e-02
4.224195759960093499e-02
4.597293286529052087e-02
4.596057777190861587e-02
4.594472479795893433e-02
4.755321725918752740e-02
4.802531731896490796e-02
4.753972181926700846e-02
4.801499206165118355e-02
4.752217890712392284e-02
4.800251873487951931e-02
4.604942458314744552e-02
4.604013689353736449e-02
4.602915131114074937e-02
4.785424010287830932e-02
4.570931766198472329e-02
4.784548693894891125e-02
4.570155734775430134e-02
4.783548899722867703e-02
4.569295813997439892e-02
3.700218446768051284e-02
3.699040838246361179e-02
3.697479878553381477e-02
3.856446978405978637e-02
3.933572323220765887e-02
3.854845441190705296e-02
3.932455788929514057e-02
3.852615269445266305e-02
3.931008942753940610e-02
3.510877738897347916e-02
3.510133614232597427e-02
3.509239055316983047e-02
3.823332111736881672e-02
3.243303648634569825e-02
3.822600876976173234e-02
3.242901875011896390e-02
3.821751467630243870e-02
3.242530155147538978e-02
4.284346465921225894e-02
4.283325790056626003e-02
4.282056490252264536e-02
4.217704982287995980e-02
4.152896426077338360e-02
4.216971081652869102e-02
4.152306211512218209e-02
4.216149340559878500e-02
4.151706784350261970e-02
3.669089070614709597e-02
3.564277691293707417e-02
3.668619936948436938e-02
3.563941535104494379e-02
3.668174264118106986e-02
3.563696799294981121e-02
2.994916808154080012e-02
2.845927346259127452e-02
2.994754753055701643e-02
2.845884645388738546e-02
2.994738931541403304e-02
2.846045432532790312e-02
4.477028593846998916e-02
4.475192166878152328e-02
4.472639555160659586e-02
3.683633122348477229e-02
3.756459218429903518e-02
3.681173939223965352e-02
3.754141176369992644e-02
3.677513100736317514e-02
3.750761718165986774e-02
4.765273383583115696e-02
4.763920471857423927e-02
4.762163279751209510e-02
4.399590153476395232e-02
4.608993379694033277e-02
4.397889200154317391e-02
4.607755840635085337e-02
4.395549365279277643e-02
4.606170389701864931e-02
4.227632043497548536e-02
4.226181455811012233e-02
4.224227306045281322e-02
3.853025380894517515e-02
3.858193346798878542e-02
3.851023421084958515e-02
3.856584534257661429e-02
3.848156879573715050e-02
3.854351413571645291e-02
3.935875787140799553e-02
3.934758948826942021e-02
3.933308671028874076e-02
3.699048098830749060e-02
3.517829493216784870e-02
3.697871708757941023e-02
3.517083370547930549e-02
3.696308621760379526e-02
3.516190350357008970e-02
4.806374547323269408e-02
4.805501237530947212e-02
4.804506098751422372e-02
4.819093068928610724e-02
4.623512473768497805e-02
4.818060587083872887e-02
4.622586193676386790e-02
4.816814668583235814e-02
4.621492283893697400e-02
4.592696195667057835e-02
4.591923470512641881e-02
4.591070044156832924e-02
4.236351952727693965e-02
4.173360820086675221e-02
4.235620845283323554e-02
4.172774485664498823e-02
4.234805233686678855e-02
4.172182113397181896e-02
4.294826028059300221e-02
4.293804405033545268e-02
4.292534793395866993e-02
3.836185584968371254e-02
3.256597595268540674e-02
3.835454220739718117e-02
3.256200070149940784e-02
3.834608250315086481e-02
3.255835135166414845e-02
3.686041774965859164e-02
3.009728285867740993e-02
3.685576763182411841e-02
3.009570474645231752e-02
3.685137828107748481e-02
3.009561171973432550e-02
3.581850415919390906e-02
2.864769714261342429e-02
3.581517569143468499e-02
2.864731333084618095e-02
3.581278800371839877e-02
2.864901507837514308e-02
3.000370575307943766e-02
2.999998735380354081e-02
2.999657207749213683e-02
3.389698358363869846e-02
2.993902425206249052e-02
3.388945403807216289e-02
2.993528543156036628e-02
3.388027173558286892e-02
2.993183183339797812e-02
2.595207035910953100e-02
2.595149037156082097e-02
2.595265065877091007e-02
2.436729609151147211e-02
1.911332109226706460e-02
2.436701907929365862e-02
1.911582458493316788e-02
2.436852186352969282e-02
1.912130815975817202e-02
1.909066629252992309e-02
1.909314298599772489e-02
1.909861619644739536e-02
2.584292873151698006e-02
2.248056867575746326e-02
2.584231138625802879e-02
2.248208462266550883e-02
2.584340550548027901e-02
2.248629336569847939e-02
1.485228415225838677e-02
1.485670050705076468e-02
1.486488410213771157e-02
2.053828735593099183e-02
1.238373261107592743e-02
2.054088550220669815e-02
1.238912664671592764e-02
2.054663452194604306e-02
1.239861619215307069e-02
2.069983825675062589e-02
2.070248696368033256e-02
2.070832727017379166e-02
2.261531903563552756e-02
1.491539895741821747e-02
2.261687588619681888e-02
1.491983596084096864e-02
2.262115634740003572e-02
1.492804661315431762e-02
1.252517589256608825e-02
1.253062172436401715e-02
1.254020447064845695e-02
7.573997112121224479e-03
4.415291510952571059e-03
7.580870482521009229e-03
4.423030376639994904e-03
7.592210774832174394e-03
4.435502228176330282e-03
1.276498320492204692e-02
1.276999211063304350e-02
1.277895973581652522e-02
7.541012603919271945e-03
4.339955001557470674e-03
7.547887287346267092e-03
4.347664563367647887e-03
7.559215258005090587e-03
4.360086565731796475e-03
1.128934573703436594e-03
-3.614160953509540364e-03
1.137380784069767347e-03
-3.602971301054808204e-03
1.150748703957016643e-03
-3.588034662982961427e-03
-3.578579405651742800e-03
-1.263042393905997908e-02
-3.567240103708015000e-03
-1.248653289593901206e-02
-3.552265511755298491e-03
-1.237258825866652083e-02
-1.434910409394071946e-02
